-1.081e-009
-7.926e-010
-7.655e-010
-7.521e-010
-7.451e-010
-7.411e-010
-7.388e-010
-7.378e-010
-7.378e-010
-7.388e-010
-7.411e-010
-7.451e-010
-7.521e-010
-7.655e-010
-7.926e-010
-1.081e-009
-7.926e-010
-4.994e-010
-4.795e-010
-4.694e-010
-4.643e-010
-4.614e-010
-4.597e-010
-4.59e-010
-4.59e-010
-4.597e-010
-4.614e-010
-4.643e-010
-4.694e-010
-4.795e-010
-4.994e-010
-7.926e-010
-7.655e-010
-4.795e-010
-4.584e-010
-4.477e-010
-4.423e-010
-4.392e-010
-4.375e-010
-4.367e-010
-4.367e-010
-4.375e-010
-4.392e-010
-4.423e-010
-4.477e-010
-4.584e-010
-4.795e-010
-7.655e-010
-7.521e-010
-4.694e-010
-4.477e-010
-4.366e-010
-4.31e-010
-4.278e-010
-4.26e-010
-4.252e-010
-4.252e-010
-4.26e-010
-4.278e-010
-4.31e-010
-4.366e-010
-4.477e-010
-4.694e-010
-7.521e-010
-7.451e-010
-4.643e-010
-4.423e-010
-4.31e-010
-4.252e-010
-4.218e-010
-4.2e-010
-4.191e-010
-4.191e-010
-4.2e-010
-4.218e-010
-4.252e-010
-4.31e-010
-4.423e-010
-4.643e-010
-7.451e-010
-7.411e-010
-4.614e-010
-4.392e-010
-4.278e-010
-4.218e-010
-4.184e-010
-4.165e-010
-4.157e-010
-4.157e-010
-4.165e-010
-4.184e-010
-4.218e-010
-4.278e-010
-4.392e-010
-4.614e-010
-7.411e-010
-7.388e-010
-4.597e-010
-4.375e-010
-4.26e-010
-4.2e-010
-4.165e-010
-4.146e-010
-4.137e-010
-4.137e-010
-4.146e-010
-4.165e-010
-4.2e-010
-4.26e-010
-4.375e-010
-4.597e-010
-7.388e-010
-7.378e-010
-4.59e-010
-4.367e-010
-4.252e-010
-4.191e-010
-4.157e-010
-4.137e-010
-4.129e-010
-4.129e-010
-4.137e-010
-4.157e-010
-4.191e-010
-4.252e-010
-4.367e-010
-4.59e-010
-7.378e-010
-7.378e-010
-4.59e-010
-4.367e-010
-4.252e-010
-4.191e-010
-4.157e-010
-4.137e-010
-4.129e-010
-4.129e-010
-4.137e-010
-4.157e-010
-4.191e-010
-4.252e-010
-4.367e-010
-4.59e-010
-7.378e-010
-7.388e-010
-4.597e-010
-4.375e-010
-4.26e-010
-4.2e-010
-4.165e-010
-4.146e-010
-4.137e-010
-4.137e-010
-4.146e-010
-4.165e-010
-4.2e-010
-4.26e-010
-4.375e-010
-4.597e-010
-7.388e-010
-7.411e-010
-4.614e-010
-4.392e-010
-4.278e-010
-4.218e-010
-4.184e-010
-4.165e-010
-4.157e-010
-4.157e-010
-4.165e-010
-4.184e-010
-4.218e-010
-4.278e-010
-4.392e-010
-4.614e-010
-7.411e-010
-7.451e-010
-4.643e-010
-4.423e-010
-4.31e-010
-4.252e-010
-4.218e-010
-4.2e-010
-4.191e-010
-4.191e-010
-4.2e-010
-4.218e-010
-4.252e-010
-4.31e-010
-4.423e-010
-4.643e-010
-7.451e-010
-7.521e-010
-4.694e-010
-4.477e-010
-4.366e-010
-4.31e-010
-4.278e-010
-4.26e-010
-4.252e-010
-4.252e-010
-4.26e-010
-4.278e-010
-4.31e-010
-4.366e-010
-4.477e-010
-4.694e-010
-7.521e-010
-7.655e-010
-4.795e-010
-4.584e-010
-4.477e-010
-4.423e-010
-4.392e-010
-4.375e-010
-4.367e-010
-4.367e-010
-4.375e-010
-4.392e-010
-4.423e-010
-4.477e-010
-4.584e-010
-4.795e-010
-7.655e-010
-7.926e-010
-4.994e-010
-4.795e-010
-4.694e-010
-4.643e-010
-4.614e-010
-4.597e-010
-4.59e-010
-4.59e-010
-4.597e-010
-4.614e-010
-4.643e-010
-4.694e-010
-4.795e-010
-4.994e-010
-7.926e-010
-1.081e-009
-7.926e-010
-7.655e-010
-7.521e-010
-7.451e-010
-7.411e-010
-7.388e-010
-7.378e-010
-7.378e-010
-7.388e-010
-7.411e-010
-7.451e-010
-7.521e-010
-7.655e-010
-7.926e-010
-1.081e-009
 1.081e-009
 7.926e-010
 7.655e-010
 7.521e-010
 7.451e-010
 7.411e-010
 7.388e-010
 7.378e-010
 7.378e-010
 7.388e-010
 7.411e-010
 7.451e-010
 7.521e-010
 7.655e-010
 7.926e-010
 1.081e-009
 7.926e-010
 4.994e-010
 4.795e-010
 4.694e-010
 4.643e-010
 4.614e-010
 4.597e-010
 4.59e-010
 4.59e-010
 4.597e-010
 4.614e-010
 4.643e-010
 4.694e-010
 4.795e-010
 4.994e-010
 7.926e-010
 7.655e-010
 4.795e-010
 4.584e-010
 4.477e-010
 4.423e-010
 4.392e-010
 4.375e-010
 4.367e-010
 4.367e-010
 4.375e-010
 4.392e-010
 4.423e-010
 4.477e-010
 4.584e-010
 4.795e-010
 7.655e-010
 7.521e-010
 4.694e-010
 4.477e-010
 4.366e-010
 4.31e-010
 4.278e-010
 4.26e-010
 4.252e-010
 4.252e-010
 4.26e-010
 4.278e-010
 4.31e-010
 4.366e-010
 4.477e-010
 4.694e-010
 7.521e-010
 7.451e-010
 4.643e-010
 4.423e-010
 4.31e-010
 4.252e-010
 4.218e-010
 4.2e-010
 4.191e-010
 4.191e-010
 4.2e-010
 4.218e-010
 4.252e-010
 4.31e-010
 4.423e-010
 4.643e-010
 7.451e-010
 7.411e-010
 4.614e-010
 4.392e-010
 4.278e-010
 4.218e-010
 4.184e-010
 4.165e-010
 4.157e-010
 4.157e-010
 4.165e-010
 4.184e-010
 4.218e-010
 4.278e-010
 4.392e-010
 4.614e-010
 7.411e-010
 7.388e-010
 4.597e-010
 4.375e-010
 4.26e-010
 4.2e-010
 4.165e-010
 4.146e-010
 4.137e-010
 4.137e-010
 4.146e-010
 4.165e-010
 4.2e-010
 4.26e-010
 4.375e-010
 4.597e-010
 7.388e-010
 7.378e-010
 4.59e-010
 4.367e-010
 4.252e-010
 4.191e-010
 4.157e-010
 4.137e-010
 4.129e-010
 4.129e-010
 4.137e-010
 4.157e-010
 4.191e-010
 4.252e-010
 4.367e-010
 4.59e-010
 7.378e-010
 7.378e-010
 4.59e-010
 4.367e-010
 4.252e-010
 4.191e-010
 4.157e-010
 4.137e-010
 4.129e-010
 4.129e-010
 4.137e-010
 4.157e-010
 4.191e-010
 4.252e-010
 4.367e-010
 4.59e-010
 7.378e-010
 7.388e-010
 4.597e-010
 4.375e-010
 4.26e-010
 4.2e-010
 4.165e-010
 4.146e-010
 4.137e-010
 4.137e-010
 4.146e-010
 4.165e-010
 4.2e-010
 4.26e-010
 4.375e-010
 4.597e-010
 7.388e-010
 7.411e-010
 4.614e-010
 4.392e-010
 4.278e-010
 4.218e-010
 4.184e-010
 4.165e-010
 4.157e-010
 4.157e-010
 4.165e-010
 4.184e-010
 4.218e-010
 4.278e-010
 4.392e-010
 4.614e-010
 7.411e-010
 7.451e-010
 4.643e-010
 4.423e-010
 4.31e-010
 4.252e-010
 4.218e-010
 4.2e-010
 4.191e-010
 4.191e-010
 4.2e-010
 4.218e-010
 4.252e-010
 4.31e-010
 4.423e-010
 4.643e-010
 7.451e-010
 7.521e-010
 4.694e-010
 4.477e-010
 4.366e-010
 4.31e-010
 4.278e-010
 4.26e-010
 4.252e-010
 4.252e-010
 4.26e-010
 4.278e-010
 4.31e-010
 4.366e-010
 4.477e-010
 4.694e-010
 7.521e-010
 7.655e-010
 4.795e-010
 4.584e-010
 4.477e-010
 4.423e-010
 4.392e-010
 4.375e-010
 4.367e-010
 4.367e-010
 4.375e-010
 4.392e-010
 4.423e-010
 4.477e-010
 4.584e-010
 4.795e-010
 7.655e-010
 7.926e-010
 4.994e-010
 4.795e-010
 4.694e-010
 4.643e-010
 4.614e-010
 4.597e-010
 4.59e-010
 4.59e-010
 4.597e-010
 4.614e-010
 4.643e-010
 4.694e-010
 4.795e-010
 4.994e-010
 7.926e-010
 1.081e-009
 7.926e-010
 7.655e-010
 7.521e-010
 7.451e-010
 7.411e-010
 7.388e-010
 7.378e-010
 7.378e-010
 7.388e-010
 7.411e-010
 7.451e-010
 7.521e-010
 7.655e-010
 7.926e-010
 1.081e-009
