-3.626e-010
-2.432e-010
-2.257e-010
-2.187e-010
-2.187e-010
-2.257e-010
-2.432e-010
-3.626e-010
-2.432e-010
-1.278e-010
-1.149e-010
-1.1e-010
-1.1e-010
-1.149e-010
-1.278e-010
-2.432e-010
-2.257e-010
-1.149e-010
-1.017e-010
-9.662e-011
-9.662e-011
-1.017e-010
-1.149e-010
-2.257e-010
-2.187e-010
-1.1e-010
-9.662e-011
-9.153e-011
-9.153e-011
-9.662e-011
-1.1e-010
-2.187e-010
-2.187e-010
-1.1e-010
-9.662e-011
-9.153e-011
-9.153e-011
-9.662e-011
-1.1e-010
-2.187e-010
-2.257e-010
-1.149e-010
-1.017e-010
-9.662e-011
-9.662e-011
-1.017e-010
-1.149e-010
-2.257e-010
-2.432e-010
-1.278e-010
-1.149e-010
-1.1e-010
-1.1e-010
-1.149e-010
-1.278e-010
-2.432e-010
-3.626e-010
-2.432e-010
-2.257e-010
-2.187e-010
-2.187e-010
-2.257e-010
-2.432e-010
-3.626e-010
 3.626e-010
 2.432e-010
 2.257e-010
 2.187e-010
 2.187e-010
 2.257e-010
 2.432e-010
 3.626e-010
 2.432e-010
 1.278e-010
 1.149e-010
 1.1e-010
 1.1e-010
 1.149e-010
 1.278e-010
 2.432e-010
 2.257e-010
 1.149e-010
 1.017e-010
 9.662e-011
 9.662e-011
 1.017e-010
 1.149e-010
 2.257e-010
 2.187e-010
 1.1e-010
 9.662e-011
 9.153e-011
 9.153e-011
 9.662e-011
 1.1e-010
 2.187e-010
 2.187e-010
 1.1e-010
 9.662e-011
 9.153e-011
 9.153e-011
 9.662e-011
 1.1e-010
 2.187e-010
 2.257e-010
 1.149e-010
 1.017e-010
 9.662e-011
 9.662e-011
 1.017e-010
 1.149e-010
 2.257e-010
 2.432e-010
 1.278e-010
 1.149e-010
 1.1e-010
 1.1e-010
 1.149e-010
 1.278e-010
 2.432e-010
 3.626e-010
 2.432e-010
 2.257e-010
 2.187e-010
 2.187e-010
 2.257e-010
 2.432e-010
 3.626e-010
