-7.83e-010
-5.438e-010
-5.134e-010
-4.991e-010
-4.92e-010
-4.884e-010
-4.868e-010
-4.868e-010
-4.884e-010
-4.92e-010
-4.991e-010
-5.134e-010
-5.438e-010
-7.83e-010
-5.438e-010
-3.076e-010
-2.855e-010
-2.757e-010
-2.712e-010
-2.689e-010
-2.68e-010
-2.68e-010
-2.689e-010
-2.712e-010
-2.757e-010
-2.855e-010
-3.076e-010
-5.438e-010
-5.134e-010
-2.855e-010
-2.628e-010
-2.528e-010
-2.482e-010
-2.46e-010
-2.45e-010
-2.45e-010
-2.46e-010
-2.482e-010
-2.528e-010
-2.628e-010
-2.855e-010
-5.134e-010
-4.991e-010
-2.757e-010
-2.528e-010
-2.426e-010
-2.38e-010
-2.357e-010
-2.347e-010
-2.347e-010
-2.357e-010
-2.38e-010
-2.426e-010
-2.528e-010
-2.757e-010
-4.991e-010
-4.92e-010
-2.712e-010
-2.482e-010
-2.38e-010
-2.333e-010
-2.309e-010
-2.299e-010
-2.299e-010
-2.309e-010
-2.333e-010
-2.38e-010
-2.482e-010
-2.712e-010
-4.92e-010
-4.884e-010
-2.689e-010
-2.46e-010
-2.357e-010
-2.309e-010
-2.285e-010
-2.275e-010
-2.275e-010
-2.285e-010
-2.309e-010
-2.357e-010
-2.46e-010
-2.689e-010
-4.884e-010
-4.868e-010
-2.68e-010
-2.45e-010
-2.347e-010
-2.299e-010
-2.275e-010
-2.265e-010
-2.265e-010
-2.275e-010
-2.299e-010
-2.347e-010
-2.45e-010
-2.68e-010
-4.868e-010
-4.868e-010
-2.68e-010
-2.45e-010
-2.347e-010
-2.299e-010
-2.275e-010
-2.265e-010
-2.265e-010
-2.275e-010
-2.299e-010
-2.347e-010
-2.45e-010
-2.68e-010
-4.868e-010
-4.884e-010
-2.689e-010
-2.46e-010
-2.357e-010
-2.309e-010
-2.285e-010
-2.275e-010
-2.275e-010
-2.285e-010
-2.309e-010
-2.357e-010
-2.46e-010
-2.689e-010
-4.884e-010
-4.92e-010
-2.712e-010
-2.482e-010
-2.38e-010
-2.333e-010
-2.309e-010
-2.299e-010
-2.299e-010
-2.309e-010
-2.333e-010
-2.38e-010
-2.482e-010
-2.712e-010
-4.92e-010
-4.991e-010
-2.757e-010
-2.528e-010
-2.426e-010
-2.38e-010
-2.357e-010
-2.347e-010
-2.347e-010
-2.357e-010
-2.38e-010
-2.426e-010
-2.528e-010
-2.757e-010
-4.991e-010
-5.134e-010
-2.855e-010
-2.628e-010
-2.528e-010
-2.482e-010
-2.46e-010
-2.45e-010
-2.45e-010
-2.46e-010
-2.482e-010
-2.528e-010
-2.628e-010
-2.855e-010
-5.134e-010
-5.438e-010
-3.076e-010
-2.855e-010
-2.757e-010
-2.712e-010
-2.689e-010
-2.68e-010
-2.68e-010
-2.689e-010
-2.712e-010
-2.757e-010
-2.855e-010
-3.076e-010
-5.438e-010
-7.83e-010
-5.438e-010
-5.134e-010
-4.991e-010
-4.92e-010
-4.884e-010
-4.868e-010
-4.868e-010
-4.884e-010
-4.92e-010
-4.991e-010
-5.134e-010
-5.438e-010
-7.83e-010
 7.83e-010
 5.438e-010
 5.134e-010
 4.991e-010
 4.92e-010
 4.884e-010
 4.868e-010
 4.868e-010
 4.884e-010
 4.92e-010
 4.991e-010
 5.134e-010
 5.438e-010
 7.83e-010
 5.438e-010
 3.076e-010
 2.855e-010
 2.757e-010
 2.712e-010
 2.689e-010
 2.68e-010
 2.68e-010
 2.689e-010
 2.712e-010
 2.757e-010
 2.855e-010
 3.076e-010
 5.438e-010
 5.134e-010
 2.855e-010
 2.628e-010
 2.528e-010
 2.482e-010
 2.46e-010
 2.45e-010
 2.45e-010
 2.46e-010
 2.482e-010
 2.528e-010
 2.628e-010
 2.855e-010
 5.134e-010
 4.991e-010
 2.757e-010
 2.528e-010
 2.426e-010
 2.38e-010
 2.357e-010
 2.347e-010
 2.347e-010
 2.357e-010
 2.38e-010
 2.426e-010
 2.528e-010
 2.757e-010
 4.991e-010
 4.92e-010
 2.712e-010
 2.482e-010
 2.38e-010
 2.333e-010
 2.309e-010
 2.299e-010
 2.299e-010
 2.309e-010
 2.333e-010
 2.38e-010
 2.482e-010
 2.712e-010
 4.92e-010
 4.884e-010
 2.689e-010
 2.46e-010
 2.357e-010
 2.309e-010
 2.285e-010
 2.275e-010
 2.275e-010
 2.285e-010
 2.309e-010
 2.357e-010
 2.46e-010
 2.689e-010
 4.884e-010
 4.868e-010
 2.68e-010
 2.45e-010
 2.347e-010
 2.299e-010
 2.275e-010
 2.265e-010
 2.265e-010
 2.275e-010
 2.299e-010
 2.347e-010
 2.45e-010
 2.68e-010
 4.868e-010
 4.868e-010
 2.68e-010
 2.45e-010
 2.347e-010
 2.299e-010
 2.275e-010
 2.265e-010
 2.265e-010
 2.275e-010
 2.299e-010
 2.347e-010
 2.45e-010
 2.68e-010
 4.868e-010
 4.884e-010
 2.689e-010
 2.46e-010
 2.357e-010
 2.309e-010
 2.285e-010
 2.275e-010
 2.275e-010
 2.285e-010
 2.309e-010
 2.357e-010
 2.46e-010
 2.689e-010
 4.884e-010
 4.92e-010
 2.712e-010
 2.482e-010
 2.38e-010
 2.333e-010
 2.309e-010
 2.299e-010
 2.299e-010
 2.309e-010
 2.333e-010
 2.38e-010
 2.482e-010
 2.712e-010
 4.92e-010
 4.991e-010
 2.757e-010
 2.528e-010
 2.426e-010
 2.38e-010
 2.357e-010
 2.347e-010
 2.347e-010
 2.357e-010
 2.38e-010
 2.426e-010
 2.528e-010
 2.757e-010
 4.991e-010
 5.134e-010
 2.855e-010
 2.628e-010
 2.528e-010
 2.482e-010
 2.46e-010
 2.45e-010
 2.45e-010
 2.46e-010
 2.482e-010
 2.528e-010
 2.628e-010
 2.855e-010
 5.134e-010
 5.438e-010
 3.076e-010
 2.855e-010
 2.757e-010
 2.712e-010
 2.689e-010
 2.68e-010
 2.68e-010
 2.689e-010
 2.712e-010
 2.757e-010
 2.855e-010
 3.076e-010
 5.438e-010
 7.83e-010
 5.438e-010
 5.134e-010
 4.991e-010
 4.92e-010
 4.884e-010
 4.868e-010
 4.868e-010
 4.884e-010
 4.92e-010
 4.991e-010
 5.134e-010
 5.438e-010
 7.83e-010
