-3.965e-010
-2.688e-010
-2.511e-010
-2.442e-010
-2.442e-010
-2.511e-010
-2.688e-010
-3.965e-010
-2.688e-010
-1.443e-010
-1.312e-010
-1.263e-010
-1.263e-010
-1.312e-010
-1.443e-010
-2.688e-010
-2.511e-010
-1.312e-010
-1.177e-010
-1.127e-010
-1.127e-010
-1.177e-010
-1.312e-010
-2.511e-010
-2.442e-010
-1.263e-010
-1.127e-010
-1.076e-010
-1.076e-010
-1.127e-010
-1.263e-010
-2.442e-010
-2.442e-010
-1.263e-010
-1.127e-010
-1.076e-010
-1.076e-010
-1.127e-010
-1.263e-010
-2.442e-010
-2.511e-010
-1.312e-010
-1.177e-010
-1.127e-010
-1.127e-010
-1.177e-010
-1.312e-010
-2.511e-010
-2.688e-010
-1.443e-010
-1.312e-010
-1.263e-010
-1.263e-010
-1.312e-010
-1.443e-010
-2.688e-010
-3.965e-010
-2.688e-010
-2.511e-010
-2.442e-010
-2.442e-010
-2.511e-010
-2.688e-010
-3.965e-010
 3.965e-010
 2.688e-010
 2.511e-010
 2.442e-010
 2.442e-010
 2.511e-010
 2.688e-010
 3.965e-010
 2.688e-010
 1.443e-010
 1.312e-010
 1.263e-010
 1.263e-010
 1.312e-010
 1.443e-010
 2.688e-010
 2.511e-010
 1.312e-010
 1.177e-010
 1.127e-010
 1.127e-010
 1.177e-010
 1.312e-010
 2.511e-010
 2.442e-010
 1.263e-010
 1.127e-010
 1.076e-010
 1.076e-010
 1.127e-010
 1.263e-010
 2.442e-010
 2.442e-010
 1.263e-010
 1.127e-010
 1.076e-010
 1.076e-010
 1.127e-010
 1.263e-010
 2.442e-010
 2.511e-010
 1.312e-010
 1.177e-010
 1.127e-010
 1.127e-010
 1.177e-010
 1.312e-010
 2.511e-010
 2.688e-010
 1.443e-010
 1.312e-010
 1.263e-010
 1.263e-010
 1.312e-010
 1.443e-010
 2.688e-010
 3.965e-010
 2.688e-010
 2.511e-010
 2.442e-010
 2.442e-010
 2.511e-010
 2.688e-010
 3.965e-010
