-4.802e-010
-3.39e-010
-3.238e-010
-3.184e-010
-3.184e-010
-3.238e-010
-3.39e-010
-4.802e-010
-3.39e-010
-1.977e-010
-1.866e-010
-1.826e-010
-1.826e-010
-1.866e-010
-1.977e-010
-3.39e-010
-3.238e-010
-1.866e-010
-1.749e-010
-1.709e-010
-1.709e-010
-1.749e-010
-1.866e-010
-3.238e-010
-3.184e-010
-1.826e-010
-1.709e-010
-1.667e-010
-1.667e-010
-1.709e-010
-1.826e-010
-3.184e-010
-3.184e-010
-1.826e-010
-1.709e-010
-1.667e-010
-1.667e-010
-1.709e-010
-1.826e-010
-3.184e-010
-3.238e-010
-1.866e-010
-1.749e-010
-1.709e-010
-1.709e-010
-1.749e-010
-1.866e-010
-3.238e-010
-3.39e-010
-1.977e-010
-1.866e-010
-1.826e-010
-1.826e-010
-1.866e-010
-1.977e-010
-3.39e-010
-4.802e-010
-3.39e-010
-3.238e-010
-3.184e-010
-3.184e-010
-3.238e-010
-3.39e-010
-4.802e-010
 4.802e-010
 3.39e-010
 3.238e-010
 3.184e-010
 3.184e-010
 3.238e-010
 3.39e-010
 4.802e-010
 3.39e-010
 1.977e-010
 1.866e-010
 1.826e-010
 1.826e-010
 1.866e-010
 1.977e-010
 3.39e-010
 3.238e-010
 1.866e-010
 1.749e-010
 1.709e-010
 1.709e-010
 1.749e-010
 1.866e-010
 3.238e-010
 3.184e-010
 1.826e-010
 1.709e-010
 1.667e-010
 1.667e-010
 1.709e-010
 1.826e-010
 3.184e-010
 3.184e-010
 1.826e-010
 1.709e-010
 1.667e-010
 1.667e-010
 1.709e-010
 1.826e-010
 3.184e-010
 3.238e-010
 1.866e-010
 1.749e-010
 1.709e-010
 1.709e-010
 1.749e-010
 1.866e-010
 3.238e-010
 3.39e-010
 1.977e-010
 1.866e-010
 1.826e-010
 1.826e-010
 1.866e-010
 1.977e-010
 3.39e-010
 4.802e-010
 3.39e-010
 3.238e-010
 3.184e-010
 3.184e-010
 3.238e-010
 3.39e-010
 4.802e-010
